BX = 000 Event : 1
0x00 0000011|0000100|01010100010001|001110101101|0000100001|000101010  0x0308a889d68422a
0x01 0000011|0001000|01011000010000|001100111110|1111001101|111010110  0x0310b0819f79bd6
0x02 0000011|0001001|01011000001011|001100111100|1111001110|111010111  0x0312b0599e79dd7
0x03 0000011|0001010|01001011110010|001101001011|0000011111|111010100  0x03149791a583fd4
0x04 0000011|0001101|01100010001111|001100111001|1111010100|111010101  0x031ac4799cfa9d5
0x05 0000011|0001110|01100010110110|001100110001|1111010000|111010111  0x031cc5b198fa1d7
0x06 0000011|0001111|01011010100011|001101000011|1111110000|111011010  0x031eb519a1fe1da
0x07 0000011|0010000|01011001011011|001101101110|1111110011|111010110  0x0320b2d9b77e7d6
0x08 0000011|0010001|01011010101001|001101000001|1111101111|111011010  0x0322b549a0fdfda
0x09 0000011|0010010|01011001100000|001101101100|1111110010|111010110  0x0324b301b67e5d6
0x0a 0000011|0010011|01011001111011|001101100011|1111110000|111011000  0x0326b3d9b1fe1d8
BX = 001 Event : 2
0x00 0000011|0000001|01000000101101|001101100000|1111111110|111011000  0x03028169b07fdd8
0x01 0000011|0001001|01010101001110|001110110100|1111011110|111010001  0x0312aa71da7bdd1
0x02 0000011|0001010|01011000001010|010110010000|0000000110|001000010  0x0314b052c800c42
0x03 0000011|0010001|01100001011101|010011100011|0000011001|000110111  0x0322c2ea7183237
BX = 010 Event : 3
0x00 0000011|0000000|01101000111001|011011011011|1110110100|110101000  0x0300d1cb6df69a8
0x01 0000011|0000001|01101001001100|011011011100|1110110011|110101000  0x0302d2636e767a8
0x02 0000011|0000101|01001011010110|001100111000|1111111110|000101001  0x030a96b19c7fc29
0x03 0000011|0000110|01001001111011|001111111000|0000001101|111001111  0x030c93d9fc01bcf
0x04 0000011|0000111|01010110011000|011011110011|1111100010|110100110  0x030eacc379fc5a6
0x05 0000011|0001000|01001111011010|010110111111|1111110011|110111110  0x03109ed2dffe7be
0x06 0000011|0010011|01010110001101|010111011111|0000001111|001000111  0x0326ac6aef81e47
0x07 0000011|0010100|01100001110011|001111111111|1111001111|111001110  0x0328c399fff9fce
0x08 0000011|0011111|01010101101011|011000010111|1111110110|110101110  0x033eab5b0bfedae
BX = 011 Event : 4
0x00 0000011|0000111|01110010110111|011010000010|1110110111|110110010  0x030ee5bb4176fb2
0x01 0000011|0001000|01110001111110|011000110000|1110111001|110111000  0x0310e3f318773b8
0x02 0000011|0001100|01100110010111|010100101010|1111010001|110111011  0x0318ccba957a3bb
BX = 100 Event : 5
BX = 101 Event : 6
0x00 0000011|0010110|01010000110111|001100110011|0000001100|111011011  0x032ca1b999819db
0x01 0000011|0010111|01001110100011|010110010110|0000000110|110111000  0x032e9d1acb00db8
0x02 0000011|0011001|01100000000001|001101110111|1111100001|111010011  0x0332c009bbfc3d3
0x03 0000011|0011010|01100000001010|001101100110|1111100000|111010110  0x0334c051b37c1d6
BX = 110 Event : 7
0x00 0000011|0000001|01001001110100|001101011000|0000011000|000101101  0x030293a1ac0302d
0x01 0000011|0001011|01000001110011|001101001010|1111100001|000100111  0x03168399a57c227
0x02 0000011|0011001|01010111101001|010001011011|0000000111|000110100  0x0332af4a2d80e34
0x03 0000011|0011010|01010111001011|010001011010|0000000110|000110100  0x0334ae5a2d00c34
0x04 0000011|0011011|01001110111011|010000101011|1111110011|000110000  0x03369dda15fe630
0x05 0000011|0011100|01010111111010|010001111100|0000001000|000110111  0x0338afd23e01037
0x06 0000011|0011101|01010111011011|010001111011|0000000111|000110111  0x033aaeda3d80e37
0x07 0000011|0011110|01001111000100|010001000000|1111110011|000110011  0x033c9e22207e633
0x08 0000011|0011111|01010111101100|010001011010|0000000111|000110100  0x033eaf622d00e34
0x09 0000011|0100000|01010111001000|010001011011|0000000110|000110100  0x0340ae422d80c34
0x0a 0000011|0100001|01001101101110|010000100010|1111101110|000101111  0x03429b72117dc2f
0x0b 0000011|0100010|01011001110111|010010000110|0000001111|000111000  0x0344b3ba4301e38
0x0c 0000011|0100011|01011001001100|010010000100|0000001101|000111000  0x0346b2624201a38
0x0d 0000011|0100100|01001111000000|010000111101|1111110011|000110011  0x03489e021efe633
0x0e 0000011|0100101|01001000011010|010001101000|1111011010|000111000  0x034a90d2347b438
0x0f 0000011|0100110|01001010111001|001110111100|1111100000|000101010  0x034c95c9de7c02a
0x10 0000011|0100111|01010100100101|010001111110|0000001000|000111010  0x034ea92a3f0103a
0x11 0000011|0101000|01100100000110|001111110000|0000110000|000101111  0x0350c831f80602f
0x12 0000011|0101001|01100100000000|001111101100|0000110000|000101111  0x0352c801f60602f
0x13 0000011|0101010|01010010000010|001111001010|0000000010|000101100  0x0354a411e50042c
0x14 0000011|0101011|01100001010010|001111110000|0000100010|000101101  0x0356c291f80442d
0x15 0000011|0101100|01100110101010|010000101011|0000110111|000110100  0x0358cd521586e34
BX = 111 Event : 8
0x00 0000011|0000111|01001010001011|001110001101|0000010011|000101100  0x030e9459c68262c
0x01 0000011|0001001|01001110010110|010000100011|1111101100|111001010  0x03129cb211fd9ca
0x02 0000011|0001010|01011000011011|001111100110|1111000100|111010001  0x0314b0d9f3789d1
0x03 0000011|0010111|01101101011000|010010111011|0001000110|000110111  0x032edac25d88c37
BX = 000 Event : 9
0x00 0000011|0000001|01001011010111|011101010011|0000001100|001010101  0x030296bba981855
0x01 0000011|0000010|01010000010010|011011001000|0000010110|001001101  0x0304a0936402c4d
0x02 0000011|0000111|01100000101001|011010000011|1111010101|110110001  0x030ec14b41fabb1
0x03 0000011|0001000|01010111010110|001101001101|0000101010|000101001  0x0310aeb1a685429
0x04 0000011|0001001|01011100011111|001110101110|1111000110|111010001  0x0312b8f9d778dd1
0x05 0000011|0001011|01110001000101|011001101111|0000111011|001010100  0x0316e22b3787654
BX = 001 Event : 10
